=========================================
               MAGNETOMETER              
=========================================
FORMAT       : ASCII
SENSOR       : QMC5883L
DATA_UNIT    : Gauss
END_OF_HEADER
TIME_MS           X         Y          Z
rst:0x1 28                0.731     -0.628     -0.217
129               0.730     -0.625     -0.221
230               0.731     -0.626     -0.220
331               0.730     -0.626     -0.221
432               0.728     -0.627     -0.220
533               0.728     -0.626     -0.221
634               0.731     -0.627     -0.219
735               0.728     -0.627     -0.221
836               0.732     -0.627     -0.218
937               0.730     -0.626     -0.220
1038              0.731     -0.627     -0.221
1139              0.733     -0.623     -0.220
1240              0.731     -0.625     -0.219
1341              0.730     -0.626     -0.219
1442              0.727     -0.627     -0.214
1543              0.732     -0.626     -0.215
1644              0.731     -0.627     -0.222
1745              0.733     -0.626     -0.218
1846              0.732     -0.627     -0.218
1947              0.732     -0.626     -0.221
2048              0.727     -0.628     -0.220
2149              0.730     -0.626     -0.214
2250              0.731     -0.621     -0.213
2351              0.731     -0.627     -0.217
2452              0.727     -0.626     -0.222
2553              0.731     -0.624     -0.220
2654              0.730     -0.628     -0.217
2755              0.732     -0.623     -0.217
2856              0.735     -0.625     -0.222
2957              0.733     -0.624     -0.219
3058              0.733     -0.624     -0.220
3159              0.728     -0.627     -0.221
3260              0.728     -0.625     -0.220
3361              0.727     -0.625     -0.219
3462              0.732     -0.627     -0.219
3563              0.730     -0.625     -0.218
3664              0.728     -0.623     -0.220
3765              0.730     -0.627     -0.217
3866              0.729     -0.625     -0.218
3967              0.724     -0.621     -0.219
4068              0.730     -0.631     -0.221
4169              0.731     -0.627     -0.220
4270              0.729     -0.626     -0.221
4371              0.728     -0.625     -0.219
4472              0.727     -0.628     -0.216
4573              0.732     -0.623     -0.218
4674              0.733     -0.623     -0.218
4775              0.737     -0.627     -0.218
4876              0.728     -0.627     -0.221
4977              0.735     -0.624     -0.214
5078              0.730     -0.623     -0.218
5179              0.731     -0.625     -0.218
5280              0.727     -0.627     -0.222
5381              0.728     -0.627     -0.224
5482              0.726     -0.627     -0.222
5583              0.735     -0.627     -0.223
5684              0.728     -0.628     -0.220
5785              0.731     -0.622     -0.218
5886              0.729     -0.627     -0.219
5987              0.732     -0.624     -0.222
6088              0.731     -0.622     -0.219
6189              0.731     -0.627     -0.220
6290              0.731     -0.624     -0.217
6391              0.729     -0.630     -0.219
6492              0.736     -0.621     -0.217
6593              0.728     -0.624     -0.219
6694              0.732     -0.624     -0.219
6795              0.728     -0.628     -0.217
6896              0.733     -0.626     -0.220
6997              0.728     -0.624     -0.217
7098              0.728     -0.629     -0.216
7199              0.727     -0.630     -0.222
7300              0.728     -0.621     -0.221
7401              0.728     -0.626     -0.221
7502              0.730     -0.624     -0.215
7603              0.727     -0.622     -0.218
7704              0.734     -0.628     -0.217
7805              0.732     -0.627     -0.219
7906              0.731     -0.626     -0.221
8007              0.729     -0.630     -0.222
8108              0.728     -0.629     -0.217
8209              0.731     -0.626     -0.222
8310              0.732     -0.627     -0.216
8411              0.731     -0.623     -0.222
8512              0.732     -0.625     -0.217
8613              0.735     -0.626     -0.213
8714              0.735     -0.623     -0.213
8815              0.730     -0.622     -0.217
8916              0.731     -0.624     -0.217
9017              0.728     -0.622     -0.222
9118              0.733     -0.624     -0.218
9219              0.730     -0.627     -0.222
9320              0.728     -0.624     -0.218
9421              0.732     -0.624     -0.217
9522              0.731     -0.623     -0.222
9623              0.728     -0.622     -0.221
9724              0.730     -0.623     -0.221
9825              0.729     -0.620     -0.221
9926              0.729     -0.622     -0.216
10027             0.735     -0.622     -0.219
10128             0.730     -0.627     -0.219
10229             0.728     -0.624     -0.216
10330             0.732     -0.621     -0.218
10431             0.732     -0.623     -0.217
10532             0.732     -0.620     -0.221
10633             0.731     -0.626     -0.215
10734             0.731     -0.622     -0.220
10835             0.727     -0.622     -0.223
10936             0.735     -0.623     -0.220
11037             0.729     -0.621     -0.216
11138             0.733     -0.621     -0.212
11239             0.730     -0.621     -0.219
11340             0.732     -0.618     -0.221
11441             0.731     -0.625     -0.220
11542             0.733     -0.621     -0.212
11643             0.736     -0.619     -0.217
11744             0.732     -0.622     -0.219
11845             0.734     -0.624     -0.219
11946             0.726     -0.622     -0.219
12047             0.730     -0.622     -0.216
12148             0.728     -0.624     -0.223
12249             0.732     -0.620     -0.216
12350             0.733     -0.620     -0.219
12451             0.732     -0.624     -0.220
12552             0.732     -0.622     -0.216
12653             0.731     -0.625     -0.219
12754             0.735     -0.621     -0.217
12855             0.732     -0.622     -0.217
12956             0.731     -0.622     -0.219
13057             0.733     -0.622     -0.217
13158             0.729     -0.623     -0.222
13259             0.731     -0.621     -0.217
13360             0.731     -0.622     -0.220
13461             0.737     -0.625     -0.221
13562             0.732     -0.624     -0.218
13663             0.732     -0.622     -0.217
13764             0.732     -0.622     -0.219
13865             0.730     -0.626     -0.220
13966             0.732     -0.622     -0.218
14067             0.732     -0.622     -0.219
14168             0.733     -0.621     -0.220
14269             0.732     -0.622     -0.221
14370             0.732     -0.623     -0.216
14471             0.733     -0.625     -0.218
14572             0.731     -0.623     -0.220
14673             0.731     -0.621     -0.218
14774             0.732     -0.621     -0.220
14875             0.729     -0.620     -0.218
14976             0.730     -0.621     -0.217
15077             0.732     -0.623     -0.218
15178             0.732     -0.620     -0.217
15279             0.732     -0.621     -0.219
15380             0.730     -0.622     -0.219
15481             0.730     -0.622     -0.218
15582             0.731     -0.620     -0.220
15683             0.732     -0.622     -0.221
15784             0.733     -0.622     -0.218
15885             0.736     -0.623     -0.216
15986             0.726     -0.623     -0.218
16087             0.732     -0.623     -0.219
16188             0.733     -0.626     -0.216
16289             0.731     -0.622     -0.215
16390             0.732     -0.623     -0.216
16491             0.732     -0.621     -0.219
